B = [6.25 -1 0.5;
    -1 5 2.12;
    0.5 2.12 3.6];
d = [7.5; -8.68; -0.24];
x = [];
